01001001000000000000000000000000000000000000000000
01001001000000000000000000000000000000000000000000
00001001000001100010000010000000000000000000000000
00001110110000000001000011011000000000000000000000
00001100010000000001000011011000000000000000000000
01101010000000000000000000000000000000000000000000
00001001000001100010000010000010000000000000000000
00001100110000000001000011011000011000000000000000
00001011110000000001000011011000011000000000000000
00010010010000000001000000001000010000000000010000
00001001000001100010000010000100000000000000000000
00001101001000000000000000000000010001100100000010
00001101001000000000000000000000010001100100000010
00001001000000010000010011000000000000000000000000
00001001000001100000100010000000000000000000000000
00001001000001000001000000101000001000000000000000
00001110010000000001000000000000000000000000000000
00101000000000000000000000000001110000000000000000
00101000100000000000000000000001100000000000000000
00010000110000011000000000000000000000000001000000
00010000110000011000000000000000000000000001000000
00001001000001011000010111000000000000000000000000
00001001000001011000010100110000001000000000000000
00001001000000010000010000100000001000000000000000
00001000001000000010000000000110010000000000000000
00001000101000000010000000000110000000000000000000
00101100101000000000000000000001010000000000000000
00010001000001000010000000000110000010010000110100
00001001000001100100000000000000010000000000000000
00101110001001001000000100000001010000000000000000
00101110101000000000000000000001000000000000000000
00001001000000010100001000000000010000000000000000
00001001000001100100000000000000000000000000000000
10000000000010000000000000000000000000000000000000
00110000101000000000000000000001010000000000000000
00010100010001000010000000000110000000010000111100
00010000000100000100000000000000010000000000000000
00110010001000000000000000000001010000000000000000
00110010101000000000000000000001010000000000000000
00010101100000010100001000000000010000000000000000
00011001100000100100000000000000010000100000000001
00110100000000000000000000000001110000000000000000
00001101001000000000000000000000010001000100000000
00010101101000000000000000000000010000000010000000
00010100010001000010000000000110000000010000111100
00010010110001000010000000000110000000010000111000
00000000000000000000000000000000000000000000000000
00000000000000000000000000000000000000000000000000
00000000000000000000000000000000000000000000000000
00111000000000000000000000000001110000000000000000
00000000000000000000000000000000000000000000000000
00011100010000000000000000000000000000001000000000
00011010100001000000000000000000000000010000011000
00000000000000000000000000000000000000000000000000
00001001000001000010000000000110000100010000110000
00000000000000000000000000000000000000000000000000
00000000000000000000000000000000000000000000000000
00111100001000000000000000000001010000000000000000
00000000000000000000000000000000000000000000000000
00001001000000010100001000000000010000000000000000
00000000000000000000000000000000000000000000000000
00000000000000000000000000000000000000000000000000
00000000000000000000000000000000000000000000000000
00000000000000000000000000000000000000000000000000
00000000000000000000000000000000000000000000000000